[14126.777950] [Project1] 4398 1588173092.636543343 1588173093.620891865
[14128.689557] [Project1] 4399 1588173094.555659723 1588173095.532599180
[14130.640514] [Project1] 4400 1588173096.505000539 1588173097.483547181
[14132.575616] [Project1] 4401 1588173098.476254507 1588173099.418639961
[14134.601295] [Project1] 4402 1588173100.449357167 1588173101.444311944
[14136.557039] [Project1] 4403 1588173102.424065368 1588173103.400007209
[14138.541178] [Project1] 4404 1588173104.372693767 1588173105.384176939
[14140.468573] [Project1] 4405 1588173106.335388731 1588173107.311564768
[14142.447793] [Project1] 4406 1588173108.302350045 1588173109.290779060
[14144.388238] [Project1] 4407 1588173110.255830510 1588173111.231213582
